-7.679257988929748535e-01 -1.012138649821281433e-01
-7.268523573875427246e-01 9.810897707939147949e-02
-6.656720638275146484e-01 3.157356679439544678e-01
-5.575491786003112793e-01 4.759396612644195557e-01
-4.038890302181243896e-01 6.011277437210083008e-01
-1.919901072978973389e-01 6.712266206741333008e-01
2.379720471799373627e-02 7.237464785575866699e-01
2.644337415695190430e-01 7.326532006263732910e-01
4.603364467620849609e-01 7.196153402328491211e-01
5.973451733589172363e-01 6.692600250244140625e-01
6.739748716354370117e-01 5.633888840675354004e-01
7.291766405105590820e-01 4.226813316345214844e-01
7.624058723449707031e-01 2.654921114444732666e-01
7.693395614624023438e-01 9.009193629026412964e-02
7.567817568778991699e-01 -6.980957090854644775e-02
7.156519889831542969e-01 -2.076417505741119385e-01
6.587919592857360840e-01 -3.365382552146911621e-01
-4.843589663505554199e-01 -3.185807168483734131e-01
-3.722386062145233154e-01 -5.312018990516662598e-01
-1.881563216447830200e-01 -6.096935868263244629e-01
-1.382994093000888824e-02 -6.200535893440246582e-01
1.245303004980087280e-01 -5.920246243476867676e-01
3.103093206882476807e-01 -6.104575991630554199e-01
4.115344285964965820e-01 -6.611539721488952637e-01
5.179287791252136230e-01 -6.802985072135925293e-01
5.948454737663269043e-01 -6.299496889114379883e-01
6.386972665786743164e-01 -4.388486146926879883e-01
2.603574693202972412e-01 -4.679974019527435303e-01
3.217560946941375732e-01 -3.709781765937805176e-01
3.746072053909301758e-01 -2.960966229438781738e-01
4.228571355342864990e-01 -2.115400582551956177e-01
2.267472594976425171e-01 -3.493700549006462097e-02
3.100453913211822510e-01 -2.867603860795497894e-02
3.872545063495635986e-01 -2.428935840725898743e-02
4.408279359340667725e-01 -4.243842884898185730e-02
4.865342080593109131e-01 -6.085224077105522156e-02
-2.539443373680114746e-01 -3.088572621345520020e-01
-1.428522169589996338e-01 -3.904332518577575684e-01
-5.134310200810432434e-02 -3.986277580261230469e-01
2.824289910495281219e-02 -3.514957726001739502e-01
-3.745095059275627136e-02 -3.192074298858642578e-01
-1.272585242986679077e-01 -3.022714555263519287e-01
3.724097311496734619e-01 -3.853076696395874023e-01
4.567255079746246338e-01 -4.407640993595123291e-01
5.388513207435607910e-01 -4.502380192279815674e-01
5.889328718185424805e-01 -3.931907117366790771e-01
5.435863733291625977e-01 -3.710240423679351807e-01
4.603342413902282715e-01 -3.704972267150878906e-01
1.422537267208099365e-01 2.631602585315704346e-01
2.328570634126663208e-01 1.616688370704650879e-01
3.541501760482788086e-01 1.096471622586250305e-01
4.201031327247619629e-01 1.074546799063682556e-01
4.784448146820068359e-01 9.595379233360290527e-02
5.619167685508728027e-01 1.249754205346107483e-01
6.061105728149414062e-01 2.066222131252288818e-01
5.921142101287841797e-01 2.448548525571823120e-01
5.293197631835937500e-01 2.553623020648956299e-01
4.653217196464538574e-01 2.689588665962219238e-01
3.916387557983398438e-01 2.736045122146606445e-01
2.607690095901489258e-01 2.878068089485168457e-01
1.478183418512344360e-01 2.616336047649383545e-01
3.419910669326782227e-01 1.827887445688247681e-01
4.052883386611938477e-01 1.730967611074447632e-01
4.681778550148010254e-01 1.682824045419692993e-01
6.034416556358337402e-01 2.057901322841644287e-01
4.964677691459655762e-01 1.951292902231216431e-01
4.353490173816680908e-01 2.000224590301513672e-01
3.649376332759857178e-01 2.128638774156570435e-01
