-7.545001506805419922e-01 -3.152333796024322510e-01
-7.338129281997680664e-01 -1.268427073955535889e-01
-7.221343517303466797e-01 5.156422778964042664e-02
-6.994357109069824219e-01 2.213092148303985596e-01
-6.361104846000671387e-01 3.797878623008728027e-01
-5.353440642356872559e-01 5.185468792915344238e-01
-3.847625851631164551e-01 6.305792927742004395e-01
-1.861884593963623047e-01 6.959449648857116699e-01
2.681254409253597260e-04 7.125774025917053223e-01
1.891026794910430908e-01 6.847833991050720215e-01
3.904582858085632324e-01 6.174171566963195801e-01
5.535281896591186523e-01 5.058766603469848633e-01
6.576465368270874023e-01 3.625877499580383301e-01
7.308678627014160156e-01 1.983284205198287964e-01
7.582200765609741211e-01 2.211722917854785919e-02
7.635960578918457031e-01 -1.650528311729431152e-01
7.688528895378112793e-01 -3.556537032127380371e-01
-6.431727409362792969e-01 -4.049229919910430908e-01
-5.487532615661621094e-01 -5.708231925964355469e-01
-3.989256322383880615e-01 -6.072930693626403809e-01
-2.401881068944931030e-01 -5.934554338455200195e-01
-1.093104928731918335e-01 -5.508131384849548340e-01
8.589822053909301758e-02 -5.547243356704711914e-01
2.139790505170822144e-01 -6.020987629890441895e-01
3.721541464328765869e-01 -6.229433417320251465e-01
5.263140797615051270e-01 -5.919916629791259766e-01
6.381983757019042969e-01 -4.333547949790954590e-01
-8.059132844209671021e-03 -4.084447622299194336e-01
-7.123244926333427429e-03 -2.965490818023681641e-01
-9.889373555779457092e-03 -2.157005667686462402e-01
-1.053748559206724167e-02 -1.233728751540184021e-01
-1.360434591770172119e-01 -6.548837758600711823e-03
-7.339493185281753540e-02 1.442318595945835114e-02
-8.837303146719932556e-03 3.347569704055786133e-02
5.709519982337951660e-02 1.222729589790105820e-02
1.203394755721092224e-01 -1.080977451056241989e-02
-4.643009901046752930e-01 -3.389727175235748291e-01
-3.787034451961517334e-01 -3.874822258949279785e-01
-2.833138108253479004e-01 -3.876932859420776367e-01
-1.908260136842727661e-01 -3.456744551658630371e-01
-2.763350903987884521e-01 -3.133781552314758301e-01
-3.697402179241180420e-01 -3.054282069206237793e-01
1.802938133478164673e-01 -3.524851202964782715e-01
2.680363655090332031e-01 -3.972770869731903076e-01
3.640868067741394043e-01 -4.011327922344207764e-01
4.556760787963867188e-01 -3.568294048309326172e-01
3.588176965713500977e-01 -3.187508285045623779e-01
2.649061679840087891e-01 -3.233811259269714355e-01
-2.421357929706573486e-01 2.691282927989959717e-01
-1.703413873910903931e-01 2.060813307762145996e-01
-6.892786920070648193e-02 1.781153678894042969e-01
-7.105556316673755646e-03 1.839909553527832031e-01
5.590378865599632263e-02 1.746380776166915894e-01
1.590407937765121460e-01 1.984419226646423340e-01
2.306882143020629883e-01 2.601901590824127197e-01
1.540701985359191895e-01 2.990342676639556885e-01
5.440489947795867920e-02 3.122213780879974365e-01
-1.316536217927932739e-02 3.174798488616943359e-01
-8.166901767253875732e-02 3.137645125389099121e-01
-1.784817874431610107e-01 3.056798279285430908e-01
-2.353443652391433716e-01 2.654030621051788330e-01
-6.699538975954055786e-02 2.382375746965408325e-01
-3.703861730173230171e-03 2.359832972288131714e-01
6.037795171141624451e-02 2.369521260261535645e-01
2.278078645467758179e-01 2.591210305690765381e-01
5.271123722195625305e-02 2.438984960317611694e-01
-1.223083212971687317e-02 2.415375709533691406e-01
-7.980692386627197266e-02 2.458516508340835571e-01
