-7.082921862602233887e-01 -2.529117763042449951e-01 1.109462007880210876e-01 1.000000000000000000e+00
-6.860997080802917480e-01 -5.240710452198982239e-02 1.263108253479003906e-01 1.000000000000000000e+00
-6.436271071434020996e-01 1.689705401659011841e-01 1.359494179487228394e-01 1.000000000000000000e+00
-5.632222294807434082e-01 3.448173403739929199e-01 7.728019356727600098e-02 1.000000000000000000e+00
-4.195137619972229004e-01 4.925255179405212402e-01 -2.758673764765262604e-02 1.000000000000000000e+00
-2.207420021295547485e-01 5.984952449798583984e-01 -1.710163205862045288e-01 1.000000000000000000e+00
-1.182205788791179657e-02 6.743625402450561523e-01 -2.457099705934524536e-01 1.000000000000000000e+00
2.267485558986663818e-01 7.040851116180419922e-01 -3.140951991081237793e-01 1.000000000000000000e+00
4.172804355621337891e-01 7.122735381126403809e-01 -2.474797517061233521e-01 1.000000000000000000e+00
5.531562566757202148e-01 6.638388633728027344e-01 -1.472972333431243896e-01 1.000000000000000000e+00
6.345876455307006836e-01 6.018342375755310059e-01 7.742205262184143066e-02 1.000000000000000000e+00
6.801253557205200195e-01 4.976558685302734375e-01 2.757991552352905273e-01 0.000000000000000000e+00
6.607571840286254883e-01 3.710843026638031006e-01 5.052220225334167480e-01 0.000000000000000000e+00
6.333947777748107910e-01 2.103432416915893555e-01 6.671729087829589844e-01 0.000000000000000000e+00
6.133067607879638672e-01 3.422243520617485046e-02 7.489281296730041504e-01 0.000000000000000000e+00
6.141390204429626465e-01 -1.914287358522415161e-01 7.507271170616149902e-01 0.000000000000000000e+00
6.122230291366577148e-01 -3.939369022846221924e-01 7.477072477340698242e-01 0.000000000000000000e+00
-4.051585495471954346e-01 -3.961645364761352539e-01 -2.516773343086242676e-01 1.000000000000000000e+00
-2.717169225215911865e-01 -5.685703158378601074e-01 -3.548475205898284912e-01 1.000000000000000000e+00
-8.263964205980300903e-02 -6.235730051994323730e-01 -4.081144332885742188e-01 1.000000000000000000e+00
8.727341145277023315e-02 -6.256740689277648926e-01 -3.992664813995361328e-01 1.000000000000000000e+00
2.153809815645217896e-01 -6.044470667839050293e-01 -3.601352870464324951e-01 1.000000000000000000e+00
3.870211839675903320e-01 -6.221125721931457520e-01 -2.809207737445831299e-01 1.000000000000000000e+00
4.915048778057098389e-01 -6.682239770889282227e-01 -2.100786417722702026e-01 1.000000000000000000e+00
5.981817245483398438e-01 -6.942678689956665039e-01 -8.447327464818954468e-02 1.000000000000000000e+00
6.719521880149841309e-01 -6.684551239013671875e-01 1.019680500030517578e-01 1.000000000000000000e+00
6.984216570854187012e-01 -5.151982903480529785e-01 2.827957868576049805e-01 1.000000000000000000e+00
3.296445310115814209e-01 -4.984600543975830078e-01 -3.507879674434661865e-01 1.000000000000000000e+00
3.805263638496398926e-01 -3.948719203472137451e-01 -4.317449629306793213e-01 1.000000000000000000e+00
4.260782897472381592e-01 -3.099149167537689209e-01 -5.101826786994934082e-01 1.000000000000000000e+00
4.674229919910430908e-01 -2.152484357357025146e-01 -5.744096040725708008e-01 1.000000000000000000e+00
2.781681120395660400e-01 -5.374272167682647705e-02 -4.384562373161315918e-01 1.000000000000000000e+00
3.505396246910095215e-01 -4.088556766510009766e-02 -4.493591487407684326e-01 1.000000000000000000e+00
4.169915914535522461e-01 -2.928633615374565125e-02 -4.447871446609497070e-01 1.000000000000000000e+00
4.608907699584960938e-01 -5.172941088676452637e-02 -3.997848331928253174e-01 1.000000000000000000e+00
4.925221800804138184e-01 -7.416924089193344116e-02 -3.383726775646209717e-01 1.000000000000000000e+00
-1.802662312984466553e-01 -3.689644336700439453e-01 -3.369041979312896729e-01 1.000000000000000000e+00
-6.325141340494155884e-02 -4.210928678512573242e-01 -3.763180971145629883e-01 1.000000000000000000e+00
2.282485552132129669e-02 -4.301037192344665527e-01 -3.394260406494140625e-01 1.000000000000000000e+00
9.710603207349777222e-02 -4.041334092617034912e-01 -2.752025723457336426e-01 1.000000000000000000e+00
3.075853548943996429e-02 -3.708578944206237793e-01 -3.312400281429290771e-01 1.000000000000000000e+00
-5.752303078770637512e-02 -3.548800349235534668e-01 -3.648630082607269287e-01 1.000000000000000000e+00
4.231124818325042725e-01 -4.363054633140563965e-01 -1.255649030208587646e-01 1.000000000000000000e+00
5.134208202362060547e-01 -4.781350791454315186e-01 -1.097052320837974548e-01 1.000000000000000000e+00
5.960770845413208008e-01 -4.867547452449798584e-01 -6.403411179780960083e-02 1.000000000000000000e+00
6.417230963706970215e-01 -4.534660279750823975e-01 5.659128725528717041e-02 1.000000000000000000e+00
5.914521813392639160e-01 -4.206069707870483398e-01 -5.597719550132751465e-02 1.000000000000000000e+00
5.098385810852050781e-01 -4.188192188739776611e-01 -1.046896651387214661e-01 1.000000000000000000e+00
1.325016617774963379e-01 2.541595101356506348e-01 -4.004388451576232910e-01 1.000000000000000000e+00
2.537807226181030273e-01 1.794564872980117798e-01 -4.650129079818725586e-01 1.000000000000000000e+00
3.781449496746063232e-01 1.410643160343170166e-01 -4.754844009876251221e-01 1.000000000000000000e+00
4.413222670555114746e-01 1.406392157077789307e-01 -4.549914896488189697e-01 1.000000000000000000e+00
4.971882700920104980e-01 1.296130120754241943e-01 -4.194331765174865723e-01 1.000000000000000000e+00
5.688214898109436035e-01 1.496547460556030273e-01 -3.126335740089416504e-01 1.000000000000000000e+00
6.046720147132873535e-01 2.043911069631576538e-01 -1.698140799999237061e-01 1.000000000000000000e+00
5.726075768470764160e-01 2.600004673004150391e-01 -2.724981606006622314e-01 1.000000000000000000e+00
5.078870654106140137e-01 2.826672792434692383e-01 -3.803253173828125000e-01 1.000000000000000000e+00
4.442730545997619629e-01 2.934851646423339844e-01 -4.195571839809417725e-01 1.000000000000000000e+00
3.718463480472564697e-01 2.966838479042053223e-01 -4.435923695564270020e-01 1.000000000000000000e+00
2.433014065027236938e-01 2.969999909400939941e-01 -4.343486130237579346e-01 1.000000000000000000e+00
1.373548954725265503e-01 2.537317872047424316e-01 -3.961504995822906494e-01 1.000000000000000000e+00
3.552740216255187988e-01 2.092147618532180786e-01 -4.200147390365600586e-01 1.000000000000000000e+00
4.201915562152862549e-01 2.006964683532714844e-01 -3.959391415119171143e-01 1.000000000000000000e+00
4.802916944026947021e-01 1.985489130020141602e-01 -3.609719574451446533e-01 1.000000000000000000e+00
6.028246283531188965e-01 2.041218280792236328e-01 -1.715539842844009399e-01 1.000000000000000000e+00
4.855280518531799316e-01 2.212545126676559448e-01 -3.501541316509246826e-01 1.000000000000000000e+00
4.244573414325714111e-01 2.259355038404464722e-01 -3.898137211799621582e-01 1.000000000000000000e+00
3.518729805946350098e-01 2.354562580585479736e-01 -4.152252674102783203e-01 1.000000000000000000e+00
