-7.082921862602233887e-01 -2.529117763042449951e-01
-6.860997080802917480e-01 -5.240710452198982239e-02
-6.436271071434020996e-01 1.689705401659011841e-01
-5.632222294807434082e-01 3.448173403739929199e-01
-4.195137619972229004e-01 4.925255179405212402e-01
-2.207420021295547485e-01 5.984952449798583984e-01
-1.182205788791179657e-02 6.743625402450561523e-01
2.267485558986663818e-01 7.040851116180419922e-01
4.232189953327178955e-01 6.992806792259216309e-01
5.669098496437072754e-01 6.507354378700256348e-01
6.651751399040222168e-01 5.336722135543823242e-01
7.323400378227233887e-01 3.841183781623840332e-01
7.662460803985595703e-01 2.208425700664520264e-01
7.731492519378662109e-01 4.906812682747840881e-02
7.761274576187133789e-01 -1.196698397397994995e-01
7.579425573348999023e-01 -2.703453600406646729e-01
7.140458226203918457e-01 -4.107041358947753906e-01
-4.051585495471954346e-01 -3.961645364761352539e-01
-2.717169225215911865e-01 -5.685703158378601074e-01
-8.263964205980300903e-02 -6.235730051994323730e-01
8.727341145277023315e-02 -6.256740689277648926e-01
2.153809815645217896e-01 -6.044470667839050293e-01
3.870211839675903320e-01 -6.221125721931457520e-01
4.915048778057098389e-01 -6.682239770889282227e-01
5.981817245483398438e-01 -6.942678689956665039e-01
6.719521880149841309e-01 -6.684551239013671875e-01
6.984216570854187012e-01 -5.151982903480529785e-01
3.296445310115814209e-01 -4.984600543975830078e-01
3.805263638496398926e-01 -3.948719203472137451e-01
4.260782897472381592e-01 -3.099149167537689209e-01
4.674229919910430908e-01 -2.152484357357025146e-01
2.781681120395660400e-01 -5.374272167682647705e-02
3.505396246910095215e-01 -4.088556766510009766e-02
4.169915914535522461e-01 -2.928633615374565125e-02
4.608907699584960938e-01 -5.172941088676452637e-02
4.925221800804138184e-01 -7.416924089193344116e-02
-1.802662312984466553e-01 -3.689644336700439453e-01
-6.325141340494155884e-02 -4.210928678512573242e-01
2.282485552132129669e-02 -4.301037192344665527e-01
9.710603207349777222e-02 -4.041334092617034912e-01
3.075853548943996429e-02 -3.708578944206237793e-01
-5.752303078770637512e-02 -3.548800349235534668e-01
4.231124818325042725e-01 -4.363054633140563965e-01
5.134208202362060547e-01 -4.781350791454315186e-01
5.960770845413208008e-01 -4.867547452449798584e-01
6.417230963706970215e-01 -4.534660279750823975e-01
5.914521813392639160e-01 -4.206069707870483398e-01
5.098385810852050781e-01 -4.188192188739776611e-01
1.325016617774963379e-01 2.541595101356506348e-01
2.537807226181030273e-01 1.794564872980117798e-01
3.781449496746063232e-01 1.410643160343170166e-01
4.413222670555114746e-01 1.406392157077789307e-01
4.971882700920104980e-01 1.296130120754241943e-01
5.688214898109436035e-01 1.496547460556030273e-01
6.046720147132873535e-01 2.043911069631576538e-01
5.726075768470764160e-01 2.600004673004150391e-01
5.078870654106140137e-01 2.826672792434692383e-01
4.442730545997619629e-01 2.934851646423339844e-01
3.718463480472564697e-01 2.966838479042053223e-01
2.433014065027236938e-01 2.969999909400939941e-01
1.373548954725265503e-01 2.537317872047424316e-01
3.552740216255187988e-01 2.092147618532180786e-01
4.201915562152862549e-01 2.006964683532714844e-01
4.802916944026947021e-01 1.985489130020141602e-01
6.028246283531188965e-01 2.041218280792236328e-01
4.855280518531799316e-01 2.212545126676559448e-01
4.244573414325714111e-01 2.259355038404464722e-01
3.518729805946350098e-01 2.354562580585479736e-01
