-7.562610507011413574e-01 -3.225140273571014404e-01 2.756401002407073975e-01 1.000000000000000000e+00
-7.413242459297180176e-01 -1.270954608917236328e-01 3.058018982410430908e-01 0.000000000000000000e+00
-7.260352373123168945e-01 9.033378958702087402e-02 3.202908933162689209e-01 0.000000000000000000e+00
-7.084754109382629395e-01 2.718802988529205322e-01 2.567691206932067871e-01 0.000000000000000000e+00
-6.332570910453796387e-01 4.325994253158569336e-01 1.168150752782821655e-01 1.000000000000000000e+00
-5.156046748161315918e-01 5.587566494941711426e-01 -9.048881381750106812e-02 1.000000000000000000e+00
-3.597724139690399170e-01 6.512020230293273926e-01 -2.382937371730804443e-01 1.000000000000000000e+00
-1.825638562440872192e-01 7.014211416244506836e-01 -3.976169824600219727e-01 1.000000000000000000e+00
1.578050851821899414e-02 7.279636859893798828e-01 -4.272795915603637695e-01 1.000000000000000000e+00
1.867880523204803467e-01 6.894068717956542969e-01 -4.054254591464996338e-01 1.000000000000000000e+00
3.764664828777313232e-01 6.325098872184753418e-01 -2.591547966003417969e-01 1.000000000000000000e+00
5.371041893959045410e-01 5.343747138977050781e-01 -1.216395422816276550e-01 1.000000000000000000e+00
6.604394912719726562e-01 4.028155803680419922e-01 7.691321521997451782e-02 1.000000000000000000e+00
7.284642457962036133e-01 2.352901548147201538e-01 2.131802290678024292e-01 0.000000000000000000e+00
7.464979290962219238e-01 5.713937804102897644e-02 2.713287472724914551e-01 1.000000000000000000e+00
7.564376592636108398e-01 -1.603986173868179321e-01 2.433700710535049438e-01 1.000000000000000000e+00
7.741452455520629883e-01 -3.561392128467559814e-01 2.099216133356094360e-01 1.000000000000000000e+00
-6.431727409362792969e-01 -4.049229919910430908e-01 -1.908244788646697998e-01 1.000000000000000000e+00
-5.487532615661621094e-01 -5.708231925964355469e-01 -3.510287106037139893e-01 1.000000000000000000e+00
-3.989256322383880615e-01 -6.072930693626403809e-01 -4.880779981613159180e-01 1.000000000000000000e+00
-2.401881068944931030e-01 -5.934554338455200195e-01 -5.515916943550109863e-01 1.000000000000000000e+00
-1.093104928731918335e-01 -5.508131384849548340e-01 -5.746988654136657715e-01 1.000000000000000000e+00
8.589822053909301758e-02 -5.547243356704711914e-01 -5.843405127525329590e-01 1.000000000000000000e+00
2.139790505170822144e-01 -6.020987629890441895e-01 -5.753555297851562500e-01 1.000000000000000000e+00
3.721541464328765869e-01 -6.229433417320251465e-01 -5.234060883522033691e-01 1.000000000000000000e+00
5.263140797615051270e-01 -5.919916629791259766e-01 -3.942941129207611084e-01 1.000000000000000000e+00
6.381983757019042969e-01 -4.333547949790954590e-01 -2.429199963808059692e-01 1.000000000000000000e+00
-8.059132844209671021e-03 -4.084447622299194336e-01 -6.007787585258483887e-01 1.000000000000000000e+00
-7.123244926333427429e-03 -2.965490818023681641e-01 -6.829215288162231445e-01 1.000000000000000000e+00
-9.889373555779457092e-03 -2.157005667686462402e-01 -7.614939808845520020e-01 1.000000000000000000e+00
-1.053748559206724167e-02 -1.233728751540184021e-01 -8.234766125679016113e-01 1.000000000000000000e+00
-1.360434591770172119e-01 -6.548837758600711823e-03 -6.157596707344055176e-01 1.000000000000000000e+00
-7.339493185281753540e-02 1.442318595945835114e-02 -6.552467942237854004e-01 1.000000000000000000e+00
-8.837303146719932556e-03 3.347569704055786133e-02 -6.810953021049499512e-01 1.000000000000000000e+00
5.709519982337951660e-02 1.222729589790105820e-02 -6.617161631584167480e-01 1.000000000000000000e+00
1.203394755721092224e-01 -1.080977451056241989e-02 -6.259184479713439941e-01 1.000000000000000000e+00
-4.643009901046752930e-01 -3.389727175235748291e-01 -3.750018477439880371e-01 1.000000000000000000e+00
-3.787034451961517334e-01 -3.874822258949279785e-01 -4.723624885082244873e-01 1.000000000000000000e+00
-2.833138108253479004e-01 -3.876932859420776367e-01 -4.840863049030303955e-01 1.000000000000000000e+00
-1.908260136842727661e-01 -3.456744551658630371e-01 -4.554051458835601807e-01 1.000000000000000000e+00
-2.763350903987884521e-01 -3.133781552314758301e-01 -4.698943197727203369e-01 1.000000000000000000e+00
-3.697402179241180420e-01 -3.054282069206237793e-01 -4.561262130737304688e-01 1.000000000000000000e+00
1.802938133478164673e-01 -3.524851202964782715e-01 -4.763746857643127441e-01 1.000000000000000000e+00
2.680363655090332031e-01 -3.972770869731903076e-01 -5.115872621536254883e-01 1.000000000000000000e+00
3.640868067741394043e-01 -4.011327922344207764e-01 -5.060380101203918457e-01 1.000000000000000000e+00
4.556760787963867188e-01 -3.568294048309326172e-01 -4.106655418872833252e-01 1.000000000000000000e+00
3.588176965713500977e-01 -3.187508285045623779e-01 -4.880378544330596924e-01 1.000000000000000000e+00
2.649061679840087891e-01 -3.233811259269714355e-01 -4.961925745010375977e-01 1.000000000000000000e+00
-2.421357929706573486e-01 2.691282927989959717e-01 -5.316336154937744141e-01 1.000000000000000000e+00
-1.703413873910903931e-01 2.060813307762145996e-01 -6.233387589454650879e-01 1.000000000000000000e+00
-6.892786920070648193e-02 1.781153678894042969e-01 -6.801088452339172363e-01 1.000000000000000000e+00
-7.105556316673755646e-03 1.839909553527832031e-01 -6.884024143218994141e-01 1.000000000000000000e+00
5.590378865599632263e-02 1.746380776166915894e-01 -6.839101314544677734e-01 1.000000000000000000e+00
1.590407937765121460e-01 1.984419226646423340e-01 -6.345435380935668945e-01 1.000000000000000000e+00
2.306882143020629883e-01 2.601901590824127197e-01 -5.515766143798828125e-01 1.000000000000000000e+00
1.540701985359191895e-01 2.990342676639556885e-01 -6.114596128463745117e-01 1.000000000000000000e+00
5.440489947795867920e-02 3.122213780879974365e-01 -6.664758920669555664e-01 1.000000000000000000e+00
-1.316536217927932739e-02 3.174798488616943359e-01 -6.705127358436584473e-01 1.000000000000000000e+00
-8.166901767253875732e-02 3.137645125389099121e-01 -6.590998768806457520e-01 1.000000000000000000e+00
-1.784817874431610107e-01 3.056798279285430908e-01 -6.015586256980895996e-01 1.000000000000000000e+00
-2.353443652391433716e-01 2.654030621051788330e-01 -5.286484956741333008e-01 1.000000000000000000e+00
-6.699538975954055786e-02 2.382375746965408325e-01 -6.253141760826110840e-01 1.000000000000000000e+00
-3.703861730173230171e-03 2.359832972288131714e-01 -6.315181255340576172e-01 1.000000000000000000e+00
6.037795171141624451e-02 2.369521260261535645e-01 -6.311069130897521973e-01 1.000000000000000000e+00
2.278078645467758179e-01 2.591210305690765381e-01 -5.512585043907165527e-01 1.000000000000000000e+00
5.271123722195625305e-02 2.438984960317611694e-01 -6.435978412628173828e-01 1.000000000000000000e+00
-1.223083212971687317e-02 2.415375709533691406e-01 -6.455270051956176758e-01 1.000000000000000000e+00
-7.980692386627197266e-02 2.458516508340835571e-01 -6.380490064620971680e-01 1.000000000000000000e+00
