-7.679257988929748535e-01 -1.012138649821281433e-01 3.463096916675567627e-01 1.000000000000000000e+00
-7.268523573875427246e-01 9.810897707939147949e-02 3.314815461635589600e-01 1.000000000000000000e+00
-6.656720638275146484e-01 3.157356679439544678e-01 3.081974089145660400e-01 1.000000000000000000e+00
-5.575491786003112793e-01 4.759396612644195557e-01 2.296003401279449463e-01 1.000000000000000000e+00
-4.038890302181243896e-01 6.011277437210083008e-01 1.033996865153312683e-01 1.000000000000000000e+00
-1.919901072978973389e-01 6.712266206741333008e-01 -4.736031591892242432e-02 1.000000000000000000e+00
2.379720471799373627e-02 7.237464785575866699e-01 -1.267827600240707397e-01 1.000000000000000000e+00
2.644337415695190430e-01 7.326532006263732910e-01 -2.030426412820816040e-01 1.000000000000000000e+00
4.549520015716552734e-01 7.374452948570251465e-01 -1.363455951213836670e-01 1.000000000000000000e+00
5.851887464523315430e-01 6.918094754219055176e-01 -3.236646950244903564e-02 1.000000000000000000e+00
6.450642943382263184e-01 6.470432281494140625e-01 1.974877566099166870e-01 1.000000000000000000e+00
6.833457946777343750e-01 5.683180093765258789e-01 4.018693864345550537e-01 0.000000000000000000e+00
6.603047251701354980e-01 4.787012934684753418e-01 6.425395607948303223e-01 0.000000000000000000e+00
6.201986074447631836e-01 3.416351079940795898e-01 8.224782943725585938e-01 0.000000000000000000e+00
5.974822640419006348e-01 1.785628646612167358e-01 9.333204030990600586e-01 0.000000000000000000e+00
5.791385769844055176e-01 -4.444583877921104431e-02 9.685869812965393066e-01 0.000000000000000000e+00
5.709965825080871582e-01 -2.462818324565887451e-01 1.000309705734252930e+00 0.000000000000000000e+00
-4.843589663505554199e-01 -3.185807168483734131e-01 -1.308654085732996464e-03 1.000000000000000000e+00
-3.722386062145233154e-01 -5.312018990516662598e-01 -7.177182286977767944e-02 1.000000000000000000e+00
-1.881563216447830200e-01 -6.096935868263244629e-01 -1.219901069998741150e-01 1.000000000000000000e+00
-1.382994093000888824e-02 -6.200535893440246582e-01 -1.170539930462837219e-01 1.000000000000000000e+00
1.245303004980087280e-01 -5.920246243476867676e-01 -8.836305886507034302e-02 1.000000000000000000e+00
3.103093206882476807e-01 -6.104575991630554199e-01 9.940500603988766670e-04 1.000000000000000000e+00
4.115344285964965820e-01 -6.611539721488952637e-01 8.562960475683212280e-02 1.000000000000000000e+00
5.179287791252136230e-01 -6.802985072135925293e-01 2.195688188076019287e-01 1.000000000000000000e+00
5.948454737663269043e-01 -6.299496889114379883e-01 4.037095308303833008e-01 1.000000000000000000e+00
6.386972665786743164e-01 -4.388486146926879883e-01 5.551916956901550293e-01 1.000000000000000000e+00
2.603574693202972412e-01 -4.679974019527435303e-01 -9.883318096399307251e-02 1.000000000000000000e+00
3.217560946941375732e-01 -3.709781765937805176e-01 -1.975626200437545776e-01 1.000000000000000000e+00
3.746072053909301758e-01 -2.960966229438781738e-01 -2.885837256908416748e-01 1.000000000000000000e+00
4.228571355342864990e-01 -2.115400582551956177e-01 -3.655222654342651367e-01 1.000000000000000000e+00
2.267472594976425171e-01 -3.493700549006462097e-02 -2.691898941993713379e-01 1.000000000000000000e+00
3.100453913211822510e-01 -2.867603860795497894e-02 -2.728572189807891846e-01 1.000000000000000000e+00
3.872545063495635986e-01 -2.428935840725898743e-02 -2.614827752113342285e-01 1.000000000000000000e+00
4.408279359340667725e-01 -4.243842884898185730e-02 -2.087337672710418701e-01 1.000000000000000000e+00
4.865342080593109131e-01 -6.085224077105522156e-02 -1.409302651882171631e-01 1.000000000000000000e+00
-2.539443373680114746e-01 -3.088572621345520020e-01 -1.008642837405204773e-01 1.000000000000000000e+00
-1.428522169589996338e-01 -3.904332518577575684e-01 -1.337969005107879639e-01 1.000000000000000000e+00
-5.134310200810432434e-02 -3.986277580261230469e-01 -9.865405410528182983e-02 1.000000000000000000e+00
2.824289910495281219e-02 -3.514957726001739502e-01 -4.476622492074966431e-02 1.000000000000000000e+00
-3.745095059275627136e-02 -3.192074298858642578e-01 -1.000400558114051819e-01 1.000000000000000000e+00
-1.272585242986679077e-01 -3.022714555263519287e-01 -1.350684165954589844e-01 1.000000000000000000e+00
3.724097311496734619e-01 -3.853076696395874023e-01 1.214317306876182556e-01 1.000000000000000000e+00
4.567255079746246338e-01 -4.407640993595123291e-01 1.457594186067581177e-01 1.000000000000000000e+00
5.388513207435607910e-01 -4.502380192279815674e-01 1.960085928440093994e-01 1.000000000000000000e+00
5.889328718185424805e-01 -3.931907117366790771e-01 3.133538365364074707e-01 1.000000000000000000e+00
5.435863733291625977e-01 -3.710240423679351807e-01 1.928207129240036011e-01 1.000000000000000000e+00
4.603342413902282715e-01 -3.704972267150878906e-01 1.421067267656326294e-01 1.000000000000000000e+00
1.422537267208099365e-01 2.631602585315704346e-01 -2.723590731620788574e-01 1.000000000000000000e+00
2.328570634126663208e-01 1.616688370704650879e-01 -3.232921063899993896e-01 1.000000000000000000e+00
3.541501760482788086e-01 1.096471622586250305e-01 -3.198300600051879883e-01 1.000000000000000000e+00
4.201031327247619629e-01 1.074546799063682556e-01 -2.963007986545562744e-01 1.000000000000000000e+00
4.784448146820068359e-01 9.595379233360290527e-02 -2.570487260818481445e-01 1.000000000000000000e+00
5.619167685508728027e-01 1.249754205346107483e-01 -1.573276072740554810e-01 1.000000000000000000e+00
6.061105728149414062e-01 2.066222131252288818e-01 -3.268764913082122803e-02 1.000000000000000000e+00
5.921142101287841797e-01 2.448548525571823120e-01 -1.411906331777572632e-01 1.000000000000000000e+00
5.293197631835937500e-01 2.553623020648956299e-01 -2.520133554935455322e-01 1.000000000000000000e+00
4.653217196464538574e-01 2.689588665962219238e-01 -2.936501204967498779e-01 1.000000000000000000e+00
3.916387557983398438e-01 2.736045122146606445e-01 -3.215432763099670410e-01 1.000000000000000000e+00
2.607690095901489258e-01 2.878068089485168457e-01 -3.162050843238830566e-01 1.000000000000000000e+00
1.478183418512344360e-01 2.616336047649383545e-01 -2.659425735473632812e-01 1.000000000000000000e+00
3.419910669326782227e-01 1.827887445688247681e-01 -2.794069349765777588e-01 1.000000000000000000e+00
4.052883386611938477e-01 1.730967611074447632e-01 -2.516957521438598633e-01 1.000000000000000000e+00
4.681778550148010254e-01 1.682824045419692993e-01 -2.182707190513610840e-01 1.000000000000000000e+00
6.034416556358337402e-01 2.057901322841644287e-01 -3.413095697760581970e-02 1.000000000000000000e+00
4.964677691459655762e-01 1.951292902231216431e-01 -2.118709087371826172e-01 1.000000000000000000e+00
4.353490173816680908e-01 2.000224590301513672e-01 -2.509709298610687256e-01 1.000000000000000000e+00
3.649376332759857178e-01 2.128638774156570435e-01 -2.802699208259582520e-01 1.000000000000000000e+00
